misplaced body bug

broken points:
1:
points x: [ -18.23,-16.23,-15.23,-14.23,-10.23,-9.23,-6.23,-5.23,-3.23,-2.23,-1.23,-0.23,0.77,1.77,2.77,3.77,4.77,5.77,6.77,7.77,8.77,9.77,10.77,11.77,12.77,13.77 ]
points y: [ -11.27,-10.27,-10.27,-9.27,-6.27,-5.27,-3.27,-2.27,-1.27,-0.27,-0.27,0.73,0.73,1.73,1.73,2.73,2.73,3.73,3.73,4.73,4.73,5.73,5.73,6.73,6.73,7.73 ]
2:
points x: [ -17.85,-14.85,-13.85,-6.85,-5.85,-4.85,-3.85,-2.85,-2.85,-1.85,-0.85,1.15,2.15,3.15,5.15,6.15,13.15,14.15,15.15,16.15 ]
points y: [ -2.20,-1.20,-1.20,-0.20,-0.20,-1.20,-1.20,-0.20,0.80,-0.20,-0.20,0.80,-0.20,-0.20,0.80,0.80,1.80,1.80,0.80,0.80 ]
3:
points x: [ -3.78,-3.78,-2.78,-1.78,-0.78,1.22,2.22,3.22,6.22 ]
points y: [ -1.11,-0.11,1.89,1.89,0.89,-0.11,-1.11,-1.11,-1.11 ]